 1.0000 -0.6775 -0.8023 -0.7192  0.7830  0.4880 -0.8984 -0.1085 -0.7539 
-0.6775  1.0000  0.8969  0.8265 -0.4477 -0.7206  0.8418 -0.2127  0.6891 
-0.8023  0.8969  1.0000  0.8561 -0.5521 -0.6668  0.9660 -0.0079  0.8294 
-0.7192  0.8265  0.8561  1.0000 -0.4608 -0.8113  0.8845 -0.3631  0.4783 
 0.7830 -0.4477 -0.5521 -0.4608  1.0000  0.6164 -0.5731 -0.5398 -0.7428 
 0.4880 -0.7206 -0.6668 -0.8113  0.6164  1.0000 -0.5997  0.0518 -0.4708 
-0.8984  0.8418  0.9660  0.8845 -0.5731 -0.5997  1.0000 -0.0922  0.7572 
-0.1085 -0.2127 -0.0079 -0.3631 -0.5398  0.0518 -0.0922  1.0000  0.5148 
-0.7539  0.6891  0.8294  0.4783 -0.7428 -0.4708  0.7572  0.5148  1.0000 
Eigenvalues:
5.99619565
1.79431331
0.64289995
0.42418490
0.14240619
0.00000000
0.00000000
0.00000000
0.00000000
Eigenvectors:
-0.3629 0.3622 0.3912 0.3576 -0.3018 -0.3136 0.3885 0.0230 0.3396 
-0.1019 -0.2072 -0.0671 -0.3211 -0.4042 0.1171 -0.1000 0.7319 0.3412 
-0.2580 0.0542 0.2192 -0.1597 0.3466 0.7594 0.3001 -0.0777 0.2532 
0.5809 0.4085 0.2604 -0.1519 0.4138 -0.1805 -0.1213 0.2222 0.3699 
0.1980 -0.6687 0.3196 0.3944 0.2777 -0.0917 0.3003 0.2771 -0.0588 
0.1982 -0.6685 0.3195 0.3944 0.2777 -0.0917 0.3007 0.2771 -0.0588 
0.1982 -0.6685 0.3195 0.3944 0.2777 -0.0917 0.3007 0.2771 -0.0588 
0.1982 -0.6685 0.3195 0.3944 0.2777 -0.0917 0.3007 0.2771 -0.0588 
0.1982 -0.6685 0.3195 0.3944 0.2777 -0.0917 0.3007 0.2771 -0.0588 
Score matrix:
30.6166 22.7982 26.8771 21.7866 16.4513 18.7124 
-0.1609 -2.3909 -1.6269 -6.5312 -6.8827 -3.4679 
62.5601 57.3821 60.7873 56.6436 53.7852 54.6311 
51.7458 49.4048 51.3473 46.4648 44.9064 48.2509 
28.2936 25.5086 27.2431 27.1529 25.3203 24.6965 
28.3223 25.5327 27.2696 27.1782 25.3426 24.7184 
28.3223 25.5327 27.2696 27.1782 25.3426 24.7184 
28.3223 25.5327 27.2696 27.1782 25.3426 24.7184 
28.3223 25.5327 27.2696 27.1782 25.3426 24.7184 
